README: File verifies the starting position of the slave arm.
prmPositionCartesianGet
Timestamp (auto): 52.82625 (invalid)
  Desired position:translation: 
  -0.0360059    0.0550246    -0.107859
rotation: 
    0.903699    -0.183830    -0.386696
  -0.0298324    -0.927981     0.371432
   -0.427127    -0.324127    -0.844100
prmPositionCartesianGet
Timestamp (auto): 52.82831 (invalid)
  Desired position:translation: 
  -0.0360053    0.0550259    -0.107859
rotation: 
    0.903568    -0.184418    -0.386723
  -0.0303916    -0.927936     0.371498
   -0.427365    -0.323921    -0.844058
prmPositionCartesianGet
Timestamp (auto): 52.83036 (invalid)
  Desired position:translation: 
  -0.0360059    0.0550313    -0.107856
rotation: 
    0.903071    -0.186583    -0.386845
  -0.0324404    -0.927766     0.371749
   -0.428263    -0.323166    -0.843892
prmPositionCartesianGet
Timestamp (auto): 52.83251 (invalid)
  Desired position:translation: 
  -0.0360068    0.0550371    -0.107853
rotation: 
    0.902432    -0.189334    -0.387000
  -0.0350487    -0.927547     0.372059
   -0.429404    -0.322194    -0.843684
prmPositionCartesianGet
Timestamp (auto): 52.83456 (invalid)
  Desired position:translation: 
  -0.0360079    0.0550442    -0.107849
rotation: 
    0.901645    -0.192672    -0.387186
  -0.0382150    -0.927271     0.372436
   -0.430784    -0.321009    -0.843432
prmPositionCartesianGet
Timestamp (auto): 52.83661 (invalid)
  Desired position:translation: 
  -0.0360099    0.0550536    -0.107842
rotation: 
    0.900511    -0.197382    -0.387454
  -0.0426832    -0.926861     0.372971
   -0.432733    -0.319326    -0.843073
prmPositionCartesianGet
Timestamp (auto): 52.83867 (invalid)
  Desired position:translation: 
  -0.0360094    0.0550633    -0.107837
rotation: 
    0.899310    -0.202443    -0.387633
  -0.0475823    -0.926433     0.373442
   -0.434716    -0.317395    -0.842782
prmPositionCartesianGet
Timestamp (auto): 52.84072 (invalid)
  Desired position:translation: 
  -0.0360107    0.0550728    -0.107832
rotation: 
    0.898179    -0.206943    -0.387877
  -0.0518597    -0.925995     0.373956
   -0.436560    -0.315764    -0.842442
prmPositionCartesianGet
Timestamp (auto): 52.84281 (invalid)
  Desired position:translation: 
  -0.0360094    0.0550754    -0.107831
rotation: 
    0.897681    -0.209058    -0.387895
  -0.0539671    -0.925823     0.374085
   -0.437328    -0.314876    -0.842376
prmPositionCartesianGet
Timestamp (auto): 52.84487 (invalid)
  Desired position:translation: 
  -0.0360114    0.0550845    -0.107824
rotation: 
    0.896414    -0.213912    -0.388181
  -0.0586126    -0.925344     0.374571
   -0.439326    -0.313018    -0.842029
prmPositionCartesianGet
Timestamp (auto): 52.84692 (invalid)
  Desired position:translation: 
  -0.0360099    0.0550898    -0.107821
rotation: 
    0.895590    -0.217196    -0.388259
  -0.0618313    -0.925025     0.374842
   -0.440563    -0.311698    -0.841872
prmPositionCartesianGet
Timestamp (auto): 52.84897 (invalid)
  Desired position:translation: 
  -0.0360104    0.0550961    -0.107817
rotation: 
    0.894913    -0.219732    -0.388393
  -0.0642435    -0.924739     0.375142
   -0.441592    -0.310768    -0.841677
prmPositionCartesianGet
Timestamp (auto): 52.85101 (invalid)
  Desired position:translation: 
  -0.0360109    0.0551020    -0.107814
rotation: 
    0.894282    -0.222072    -0.388515
  -0.0664694    -0.924468     0.375420
   -0.442540    -0.309907    -0.841497
prmPositionCartesianGet
Timestamp (auto): 52.85306 (invalid)
  Desired position:translation: 
  -0.0360095    0.0551066    -0.107812
rotation: 
    0.893589    -0.224764    -0.388561
  -0.0691283    -0.924191     0.375623
   -0.443531    -0.308793    -0.841384
prmPositionCartesianGet
Timestamp (auto): 52.85512 (invalid)
  Desired position:translation: 
  -0.0360101    0.0551095    -0.107811
rotation: 
    0.893108    -0.226513    -0.388653
  -0.0707987    -0.923984     0.375820
   -0.444237    -0.308131    -0.841254
prmPositionCartesianGet
Timestamp (auto): 52.85717 (invalid)
  Desired position:translation: 
  -0.0360110    0.0551151    -0.107809
rotation: 
    0.892460    -0.228846    -0.388774
  -0.0730236    -0.923701     0.376091
   -0.445178    -0.307257    -0.841077
prmPositionCartesianGet
Timestamp (auto): 52.85922 (invalid)
  Desired position:translation: 
  -0.0360111    0.0551183    -0.107806
rotation: 
    0.891970    -0.230595    -0.388864
  -0.0746918    -0.923484     0.376295
   -0.445882    -0.306599    -0.840944
prmPositionCartesianGet
Timestamp (auto): 52.86128 (invalid)
  Desired position:translation: 
  -0.0360117    0.0551216    -0.107804
rotation: 
    0.891422    -0.232535    -0.388965
  -0.0765460    -0.923243     0.376515
   -0.446662    -0.305860    -0.840799
prmPositionCartesianGet
Timestamp (auto): 52.86329 (invalid)
  Desired position:translation: 
  -0.0360121    0.0551258    -0.107802
rotation: 
    0.890871    -0.234476    -0.389064
  -0.0783985    -0.922995     0.376742
   -0.447441    -0.305126    -0.840651
prmPositionCartesianGet
Timestamp (auto): 52.86544 (invalid)
  Desired position:translation: 
  -0.0360107    0.0551279    -0.107801
rotation: 
    0.890365    -0.236350    -0.389087
  -0.0803122    -0.922815     0.376780
   -0.448107    -0.304223    -0.840624
prmPositionCartesianGet
Timestamp (auto): 52.86749 (invalid)
  Desired position:translation: 
  -0.0360102    0.0551309    -0.107800
rotation: 
    0.889977    -0.237705    -0.389150
  -0.0816082    -0.922636     0.376939
   -0.448644    -0.303709    -0.840523
prmPositionCartesianGet
Timestamp (auto): 52.86955 (invalid)
  Desired position:translation: 
  -0.0360101    0.0551332    -0.107797
rotation: 
    0.889583    -0.239062    -0.389219
  -0.0829040    -0.922455     0.377098
   -0.449187    -0.303193    -0.840420
prmPositionCartesianGet
Timestamp (auto): 52.87160 (invalid)
  Desired position:translation: 
  -0.0360104    0.0551362    -0.107796
rotation: 
    0.889188    -0.240418    -0.389287
  -0.0841994    -0.922273     0.377258
   -0.449728    -0.302675    -0.840317
prmPositionCartesianGet
Timestamp (auto): 52.87366 (invalid)
  Desired position:translation: 
  -0.0360106    0.0551383    -0.107794
rotation: 
    0.888904    -0.241386    -0.389336
  -0.0851246    -0.922141     0.377372
   -0.450115    -0.302305    -0.840243
prmPositionCartesianGet
Timestamp (auto): 52.87571 (invalid)
  Desired position:translation: 
  -0.0360109    0.0551408    -0.107793
rotation: 
    0.888562    -0.242548    -0.389394
  -0.0862346    -0.921982     0.377509
   -0.450578    -0.301861    -0.840154
prmPositionCartesianGet
Timestamp (auto): 52.87776 (invalid)
  Desired position:translation: 
  -0.0360101    0.0551420    -0.107793
rotation: 
    0.888151    -0.244063    -0.389386
  -0.0877774    -0.921812     0.377569
   -0.451091    -0.301159    -0.840131
prmPositionCartesianGet
Timestamp (auto): 52.87982 (invalid)
  Desired position:translation: 
  -0.0360106    0.0551441    -0.107792
rotation: 
    0.887748    -0.245385    -0.389473
  -0.0890718    -0.921653     0.377654
   -0.451630    -0.300570    -0.840052
prmPositionCartesianGet
Timestamp (auto): 52.88189 (invalid)
  Desired position:translation: 
  -0.0360102    0.0551483    -0.107790
rotation: 
    0.887173    -0.247315    -0.389563
  -0.0909204    -0.921379     0.377882
   -0.452392    -0.299827    -0.839908
prmPositionCartesianGet
Timestamp (auto): 52.88494 (invalid)
  Desired position:translation: 
  -0.0360105    0.0551513    -0.107788
rotation: 
    0.886765    -0.248668    -0.389631
  -0.0922141    -0.921184     0.378042
   -0.452929    -0.299305    -0.839805
prmPositionCartesianGet
Timestamp (auto): 52.88699 (invalid)
  Desired position:translation: 
  -0.0360105    0.0551542    -0.107786
rotation: 
    0.886472    -0.249636    -0.389678
  -0.0931367    -0.921042     0.378164
   -0.453313    -0.298938    -0.839728
prmPositionCartesianGet
Timestamp (auto): 52.88905 (invalid)
  Desired position:translation: 
  -0.0360110    0.0551560    -0.107785
rotation: 
    0.886120    -0.250763    -0.389755
  -0.0942451    -0.920903     0.378226
   -0.453772    -0.298421    -0.839664
prmPositionCartesianGet
Timestamp (auto): 52.89109 (invalid)
  Desired position:translation: 
  -0.0360113    0.0551572    -0.107785
rotation: 
    0.885826    -0.251725    -0.389804
  -0.0951700    -0.920764     0.378333
   -0.454154    -0.298040    -0.839593
prmPositionCartesianGet
Timestamp (auto): 52.89315 (invalid)
  Desired position:translation: 
  -0.0360114    0.0551589    -0.107784
rotation: 
    0.885589    -0.252497    -0.389842
  -0.0959087    -0.920650     0.378425
   -0.454459    -0.297740    -0.839534
prmPositionCartesianGet
Timestamp (auto): 52.89520 (invalid)
  Desired position:translation: 
  -0.0360104    0.0551604    -0.107782
rotation: 
    0.885296    -0.253460    -0.389883
  -0.0968319    -0.920506     0.378540
   -0.454834    -0.297367    -0.839464
prmPositionCartesianGet
Timestamp (auto): 52.89536 (invalid)
  Desired position:translation: 
   0.0174281    0.0298568    -0.114428
rotation: 
    0.996117   -0.0670837    0.0570082
  -0.0775847    -0.974967     0.208375
   0.0416025    -0.211989    -0.976386
prmPositionCartesianGet
Timestamp (auto): 52.90519 (invalid)
  Desired position:translation: 
   0.0174273    0.0298593    -0.114427
rotation: 
    0.996009   -0.0687381    0.0569223
  -0.0791898    -0.974817     0.208470
   0.0411590    -0.212146    -0.976371
prmPositionCartesianGet
Timestamp (auto): 52.90725 (invalid)
  Desired position:translation: 
   0.0174267    0.0298622    -0.114426
rotation: 
    0.995913   -0.0701816    0.0568523
  -0.0805939    -0.974670     0.208624
   0.0407706    -0.212353    -0.976342
prmPositionCartesianGet
Timestamp (auto): 52.90947 (invalid)
  Desired position:translation: 
   0.0174267    0.0298622    -0.114426
rotation: 
    0.995913   -0.0701816    0.0568523
  -0.0805939    -0.974670     0.208624
   0.0407706    -0.212353    -0.976342
prmPositionCartesianGet
Timestamp (auto): 52.91153 (invalid)
  Desired position:translation: 
   0.0174289    0.0298596    -0.114427
rotation: 
    0.995862   -0.0708246    0.0569390
  -0.0812325    -0.974664     0.208403
   0.0407363    -0.212166    -0.976384
prmPositionCartesianGet
Timestamp (auto): 52.91359 (invalid)
  Desired position:translation: 
   0.0174271    0.0298696    -0.114422
rotation: 
    0.995481   -0.0761827    0.0566871
  -0.0864457    -0.974093     0.208972
   0.0392985    -0.212928    -0.976277
prmPositionCartesianGet
Timestamp (auto): 52.91566 (invalid)
  Desired position:translation: 
   0.0174261    0.0298717    -0.114421
rotation: 
    0.995343   -0.0780468    0.0565852
  -0.0882495    -0.973923     0.209010
   0.0387971    -0.213030    -0.976275
prmPositionCartesianGet
Timestamp (auto): 52.91772 (invalid)
  Desired position:translation: 
   0.0174252    0.0298762    -0.114420
rotation: 
    0.995168   -0.0803135    0.0564765
  -0.0904536    -0.973669     0.209251
   0.0381837    -0.213349    -0.976230
prmPositionCartesianGet
Timestamp (auto): 52.91979 (invalid)
  Desired position:translation: 
   0.0174271    0.0298777    -0.114420
rotation: 
    0.995047   -0.0817696    0.0565342
  -0.0918919    -0.973528     0.209284
   0.0379246    -0.213442    -0.976219
prmPositionCartesianGet
Timestamp (auto): 52.92186 (invalid)
  Desired position:translation: 
   0.0174265    0.0298818    -0.114420
rotation: 
    0.994898   -0.0836270    0.0564386
  -0.0936934    -0.973329     0.209410
   0.0374210    -0.213629    -0.976198
prmPositionCartesianGet
Timestamp (auto): 52.92393 (invalid)
  Desired position:translation: 
   0.0174261    0.0298851    -0.114421
rotation: 
    0.994779   -0.0850689    0.0563699
  -0.0950952    -0.973160     0.209563
   0.0370296    -0.213830    -0.976169
prmPositionCartesianGet
Timestamp (auto): 52.92600 (invalid)
  Desired position:translation: 
   0.0174253    0.0298888    -0.114420
rotation: 
    0.994624   -0.0869225    0.0562820
  -0.0968970    -0.972939     0.209761
   0.0365260    -0.214087    -0.976131
prmPositionCartesianGet
Timestamp (auto): 52.92806 (invalid)
  Desired position:translation: 
   0.0174248    0.0298895    -0.114420
rotation: 
    0.994518   -0.0881639    0.0562166
  -0.0980990    -0.972809     0.209806
   0.0361907    -0.214171    -0.976126
prmPositionCartesianGet
Timestamp (auto): 52.93011 (invalid)
  Desired position:translation: 
   0.0174236    0.0298913    -0.114417
rotation: 
    0.994375   -0.0898157    0.0561314
  -0.0997000    -0.972626     0.209903
   0.0357423    -0.214318    -0.976110
prmPositionCartesianGet
Timestamp (auto): 52.93217 (invalid)
  Desired position:translation: 
   0.0174236    0.0298913    -0.114417
rotation: 
    0.994375   -0.0898157    0.0561314
  -0.0997000    -0.972626     0.209903
   0.0357423    -0.214318    -0.976110
prmPositionCartesianGet
Timestamp (auto): 52.93423 (invalid)
  Desired position:translation: 
   0.0174210    0.0298931    -0.114416
rotation: 
    0.994366   -0.0900077    0.0559961
  -0.0998640    -0.972578     0.210047
   0.0355547    -0.214455    -0.976086
prmPositionCartesianGet
Timestamp (auto): 52.93628 (invalid)
  Desired position:translation: 
   0.0174202    0.0299010    -0.114420
rotation: 
    0.993995   -0.0941305    0.0557957
   -0.103866    -0.972082     0.210401
   0.0344329    -0.214933    -0.976022
prmPositionCartesianGet
Timestamp (auto): 52.93833 (invalid)
  Desired position:translation: 
   0.0174197    0.0299026    -0.114419
rotation: 
    0.993881   -0.0953699    0.0557303
   -0.105066    -0.971942     0.210454
   0.0340956    -0.215022    -0.976014
prmPositionCartesianGet
Timestamp (auto): 52.94039 (invalid)
  Desired position:translation: 
   0.0174181    0.0299059    -0.114419
rotation: 
    0.993726   -0.0970177    0.0556461
   -0.106665    -0.971729     0.210631
   0.0336380    -0.215245    -0.975981
prmPositionCartesianGet
Timestamp (auto): 52.94245 (invalid)
  Desired position:translation: 
   0.0174177    0.0299084    -0.114420
rotation: 
    0.993588   -0.0984625    0.0555712
   -0.108064    -0.971558     0.210706
   0.0332439    -0.215361    -0.975969
prmPositionCartesianGet
Timestamp (auto): 52.94452 (invalid)
  Desired position:translation: 
   0.0174170    0.0299097    -0.114418
rotation: 
    0.993468   -0.0997013    0.0555058
   -0.109263    -0.971412     0.210760
   0.0329060    -0.215448    -0.975961
prmPositionCartesianGet
Timestamp (auto): 52.94657 (invalid)
  Desired position:translation: 
   0.0174161    0.0299127    -0.114416
rotation: 
    0.993306    -0.101347    0.0554296
   -0.110862    -0.971193     0.210937
   0.0324550    -0.215670    -0.975927
prmPositionCartesianGet
Timestamp (auto): 52.94910 (invalid)
  Desired position:translation: 
   0.0174153    0.0299144    -0.114415
rotation: 
    0.993141    -0.103001    0.0553369
   -0.112460    -0.971005     0.210956
   0.0320037    -0.215732    -0.975928
prmPositionCartesianGet
Timestamp (auto): 52.95117 (invalid)
  Desired position:translation: 
   0.0174146    0.0299169    -0.114414
rotation: 
    0.992994    -0.104440    0.0552705
   -0.113858    -0.970808     0.211111
   0.0316085    -0.215925    -0.975898
prmPositionCartesianGet
Timestamp (auto): 52.95323 (invalid)
  Desired position:translation: 
   0.0174142    0.0299190    -0.114413
rotation: 
    0.992888    -0.105468    0.0552232
   -0.114856    -0.970667     0.211222
   0.0313261    -0.216062    -0.975877
prmPositionCartesianGet
Timestamp (auto): 52.95526 (invalid)
  Desired position:translation: 
   0.0174137    0.0299207    -0.114413
rotation: 
    0.992759    -0.106706    0.0551579
   -0.116054    -0.970512     0.211276
   0.0309869    -0.216147    -0.975869
prmPositionCartesianGet
Timestamp (auto): 52.95733 (invalid)
  Desired position:translation: 
   0.0174132    0.0299219    -0.114412
rotation: 
    0.992651    -0.107739    0.0551019
   -0.117052    -0.970386     0.211307
   0.0307042    -0.216204    -0.975865
prmPositionCartesianGet
Timestamp (auto): 52.95937 (invalid)
  Desired position:translation: 
   0.0174127    0.0299248    -0.114412
rotation: 
    0.992498    -0.109177    0.0550361
   -0.118449    -0.970182     0.211463
   0.0303080    -0.216395    -0.975835
prmPositionCartesianGet
Timestamp (auto): 52.96143 (invalid)
  Desired position:translation: 
   0.0174121    0.0299265    -0.114411
rotation: 
    0.992364    -0.110415    0.0549708
   -0.119646    -0.970023     0.211517
   0.0299683    -0.216479    -0.975827
prmPositionCartesianGet
Timestamp (auto): 52.96349 (invalid)
  Desired position:translation: 
   0.0174125    0.0299277    -0.114411
rotation: 
    0.992252    -0.111445    0.0549223
   -0.120643    -0.969893     0.211549
   0.0296927    -0.216536    -0.975823
prmPositionCartesianGet
Timestamp (auto): 52.96554 (invalid)
  Desired position:translation: 
   0.0174121    0.0299302    -0.114410
rotation: 
    0.992116    -0.112678    0.0548661
   -0.121840    -0.969714     0.211682
   0.0293526    -0.216698    -0.975797
prmPositionCartesianGet
Timestamp (auto): 52.96758 (invalid)
  Desired position:translation: 
   0.0174127    0.0299330    -0.114411
rotation: 
    0.991978    -0.113909    0.0548177
   -0.123036    -0.969534     0.211816
   0.0290199    -0.216861    -0.975771
prmPositionCartesianGet
Timestamp (auto): 52.96963 (invalid)
  Desired position:translation: 
   0.0174123    0.0299355    -0.114410
rotation: 
    0.991839    -0.115141    0.0547618
   -0.124233    -0.969352     0.211950
   0.0286794    -0.217023    -0.975745
prmPositionCartesianGet
Timestamp (auto): 52.97169 (invalid)
  Desired position:translation: 
   0.0174117    0.0299360    -0.114410
rotation: 
    0.991721    -0.116177    0.0546964
   -0.125229    -0.969234     0.211903
   0.0283955    -0.216998    -0.975759
prmPositionCartesianGet
Timestamp (auto): 52.97373 (invalid)
  Desired position:translation: 
   0.0174104    0.0299385    -0.114410
rotation: 
    0.991580    -0.117410    0.0546332
   -0.126425    -0.969050     0.212037
   0.0280470    -0.217158    -0.975733
prmPositionCartesianGet
Timestamp (auto): 52.97578 (invalid)
  Desired position:translation: 
   0.0174099    0.0299398    -0.114408
rotation: 
    0.991484    -0.118232    0.0545961
   -0.127222    -0.968926     0.212126
   0.0278196    -0.217265    -0.975716
prmPositionCartesianGet
Timestamp (auto): 52.97784 (invalid)
  Desired position:translation: 
   0.0174093    0.0299419    -0.114406
rotation: 
    0.991339    -0.119463    0.0545406
   -0.128418    -0.968739     0.212260
   0.0274784    -0.217425    -0.975690
prmPositionCartesianGet
Timestamp (auto): 52.97989 (invalid)
  Desired position:translation: 
   0.0174087    0.0299428    -0.114406
rotation: 
    0.991193    -0.120704    0.0544656
   -0.129613    -0.968585     0.212235
   0.0271370    -0.217426    -0.975700
prmPositionCartesianGet
Timestamp (auto): 52.98195 (invalid)
  Desired position:translation: 
   0.0174086    0.0299464    -0.114408
rotation: 
    0.991021    -0.122140    0.0544011
   -0.131007    -0.968363     0.212392
   0.0267384    -0.217612    -0.975669
prmPositionCartesianGet
Timestamp (auto): 52.98514 (invalid)
  Desired position:translation: 
   0.0174071    0.0299481    -0.114406
rotation: 
    0.990897    -0.123168    0.0543476
   -0.132002    -0.968203     0.212504
   0.0264459    -0.217743    -0.975648
prmPositionCartesianGet
Timestamp (auto): 52.98720 (invalid)
  Desired position:translation: 
   0.0174077    0.0299502    -0.114406
rotation: 
    0.990771    -0.124192    0.0543093
   -0.132998    -0.968043     0.212615
   0.0261686    -0.217876    -0.975626
prmPositionCartesianGet
Timestamp (auto): 52.98925 (invalid)
  Desired position:translation: 
   0.0174072    0.0299502    -0.114406
rotation: 
    0.990670    -0.125022    0.0542523
   -0.133794    -0.967948     0.212547
   0.0259405    -0.217822    -0.975644
prmPositionCartesianGet
Timestamp (auto): 52.99132 (invalid)
  Desired position:translation: 
   0.0174068    0.0299532    -0.114405
rotation: 
    0.990542    -0.126046    0.0542063
   -0.134788    -0.967784     0.212666
   0.0256542    -0.217961    -0.975620
prmPositionCartesianGet
Timestamp (auto): 52.99339 (invalid)
  Desired position:translation: 
   0.0174065    0.0299549    -0.114404
rotation: 
    0.990440    -0.126866    0.0541697
   -0.135584    -0.967653     0.212756
   0.0254259    -0.218066    -0.975603
prmPositionCartesianGet
Timestamp (auto): 52.99545 (invalid)
  Desired position:translation: 
   0.0174063    0.0299561    -0.114404
rotation: 
    0.990362    -0.127482    0.0541424
   -0.136181    -0.967554     0.212823
   0.0252547    -0.218145    -0.975590
prmPositionCartesianGet
Timestamp (auto): 52.99750 (invalid)
  Desired position:translation: 
   0.0174050    0.0299596    -0.114402
rotation: 
    0.990022    -0.130156    0.0540030
   -0.138766    -0.967157     0.212956
   0.0245119    -0.218325    -0.975568
prmPositionCartesianGet
Timestamp (auto): 53.00322 (invalid)
  Desired position:translation: 
   0.0174047    0.0299616    -0.114401
rotation: 
    0.989889    -0.131181    0.0539577
   -0.139760    -0.966990     0.213068
   0.0242260    -0.218455    -0.975546
prmPositionCartesianGet
Timestamp (auto): 53.00529 (invalid)
  Desired position:translation: 
   0.0174035    0.0299628    -0.114401
rotation: 
    0.989755    -0.132209    0.0539052
   -0.140756    -0.966822     0.213173
   0.0239334    -0.218576    -0.975526
prmPositionCartesianGet
Timestamp (auto): 53.00736 (invalid)
  Desired position:translation: 
   0.0174033    0.0299641    -0.114401
rotation: 
    0.989674    -0.132824    0.0538781
   -0.141352    -0.966720     0.213240
   0.0237617    -0.218654    -0.975513
prmPositionCartesianGet
Timestamp (auto): 53.00941 (invalid)
  Desired position:translation: 
   0.0174028    0.0299641    -0.114401
rotation: 
    0.989566    -0.133652    0.0538202
   -0.142147    -0.966619     0.213172
   0.0235327    -0.218598    -0.975531
prmPositionCartesianGet
Timestamp (auto): 53.01147 (invalid)
  Desired position:translation: 
   0.0174026    0.0299654    -0.114401
rotation: 
    0.989484    -0.134267    0.0537931
   -0.142743    -0.966516     0.213240
   0.0233609    -0.218676    -0.975518
prmPositionCartesianGet
Timestamp (auto): 53.01352 (invalid)
  Desired position:translation: 
   0.0174025    0.0299658    -0.114401
rotation: 
    0.989457    -0.134472    0.0537841
   -0.142942    -0.966482     0.213262
   0.0233036    -0.218701    -0.975514
prmPositionCartesianGet
Timestamp (auto): 53.01558 (invalid)
  Desired position:translation: 
   0.0174020    0.0299691    -0.114400
rotation: 
    0.989237    -0.136111    0.0537121
   -0.144531    -0.966206     0.213442
   0.0228452    -0.218907    -0.975478
prmPositionCartesianGet
Timestamp (auto): 53.01763 (invalid)
  Desired position:translation: 
   0.0174018    0.0299708    -0.114399
rotation: 
    0.989181    -0.136519    0.0536939
   -0.144927    -0.966135     0.213494
   0.0227295    -0.218966    -0.975468
prmPositionCartesianGet
Timestamp (auto): 53.01969 (invalid)
  Desired position:translation: 
   0.0174017    0.0299716    -0.114399
rotation: 
    0.989126    -0.136929    0.0536759
   -0.145324    -0.966065     0.213539
   0.0226148    -0.219017    -0.975459
prmPositionCartesianGet
Timestamp (auto): 53.02175 (invalid)
  Desired position:translation: 
   0.0174013    0.0299713    -0.114399
rotation: 
    0.989042    -0.137552    0.0536266
   -0.145920    -0.965995     0.213449
   0.0224427    -0.218935    -0.975481
prmPositionCartesianGet
Timestamp (auto): 53.02380 (invalid)
  Desired position:translation: 
   0.0174011    0.0299725    -0.114399
rotation: 
    0.988958    -0.138166    0.0535997
   -0.146516    -0.965890     0.213516
   0.0222706    -0.219012    -0.975468
prmPositionCartesianGet
Timestamp (auto): 53.02585 (invalid)
  Desired position:translation: 
   0.0174009    0.0299738    -0.114399
rotation: 
    0.988873    -0.138781    0.0535728
   -0.147111    -0.965785     0.213584
   0.0220985    -0.219088    -0.975455
prmPositionCartesianGet
Timestamp (auto): 53.02792 (invalid)
  Desired position:translation: 
   0.0174007    0.0299750    -0.114398
rotation: 
    0.988788    -0.139395    0.0535460
   -0.147707    -0.965679     0.213651
   0.0219263    -0.219165    -0.975441
prmPositionCartesianGet
Timestamp (auto): 53.02999 (invalid)
  Desired position:translation: 
   0.0174004    0.0299755    -0.114398
rotation: 
    0.988703    -0.140014    0.0535077
   -0.148303    -0.965590     0.213640
   0.0217540    -0.219162    -0.975446
prmPositionCartesianGet
Timestamp (auto): 53.03204 (invalid)
  Desired position:translation: 
   0.0174001    0.0299771    -0.114398
rotation: 
    0.988588    -0.140833    0.0534720
   -0.149096    -0.965448     0.213730
   0.0215243    -0.219264    -0.975428
prmPositionCartesianGet
Timestamp (auto): 53.03410 (invalid)
  Desired position:translation: 
   0.0173997    0.0299768    -0.114398
rotation: 
    0.988502    -0.141455    0.0534222
   -0.149692    -0.965376     0.213640
   0.0213519    -0.219180    -0.975451
prmPositionCartesianGet
Timestamp (auto): 53.03615 (invalid)
  Desired position:translation: 
   0.0173996    0.0299776    -0.114398
rotation: 
    0.988444    -0.141865    0.0534043
   -0.150089    -0.965304     0.213685
   0.0212370    -0.219231    -0.975442
prmPositionCartesianGet
Timestamp (auto): 53.03816 (invalid)
  Desired position:translation: 
   0.0173994    0.0299788    -0.114399
rotation: 
    0.988329    -0.142688    0.0533569
   -0.150882    -0.965178     0.213696
   0.0210071    -0.219253    -0.975442
prmPositionCartesianGet
Timestamp (auto): 53.04022 (invalid)
  Desired position:translation: 
   0.0173991    0.0299792    -0.114399
rotation: 
    0.988241    -0.143306    0.0533185
   -0.151477    -0.965087     0.213685
   0.0208346    -0.219249    -0.975446
prmPositionCartesianGet
Timestamp (auto): 53.04227 (invalid)
  Desired position:translation: 
   0.0173989    0.0299796    -0.114399
rotation: 
    0.988153    -0.143921    0.0532920
   -0.152074    -0.964980     0.213745
   0.0206632    -0.219317    -0.975435
prmPositionCartesianGet
Timestamp (auto): 53.04433 (invalid)
  Desired position:translation: 
   0.0173988    0.0299804    -0.114398
rotation: 
    0.988094    -0.144330    0.0532741
   -0.152470    -0.964907     0.213790
   0.0205481    -0.219368    -0.975426
prmPositionCartesianGet
Timestamp (auto): 53.04639 (invalid)
  Desired position:translation: 
   0.0173985    0.0299809    -0.114398
rotation: 
    0.988006    -0.144949    0.0532356
   -0.153065    -0.964816     0.213779
   0.0203755    -0.219364    -0.975430
prmPositionCartesianGet
Timestamp (auto): 53.04844 (invalid)
  Desired position:translation: 
   0.0173982    0.0299809    -0.114398
rotation: 
    0.987947    -0.145362    0.0532059
   -0.153462    -0.964760     0.213746
   0.0202604    -0.219334    -0.975439
prmPositionCartesianGet
Timestamp (auto): 53.05050 (invalid)
  Desired position:translation: 
   0.0173981    0.0299821    -0.114398
rotation: 
    0.987858    -0.145976    0.0531792
   -0.154057    -0.964650     0.213813
   0.0200877    -0.219410    -0.975426
prmPositionCartesianGet
Timestamp (auto): 53.05268 (invalid)
  Desired position:translation: 
   0.0173979    0.0299839    -0.114398
rotation: 
    0.987798    -0.146384    0.0531611
   -0.154452    -0.964575     0.213866
   0.0199714    -0.219467    -0.975415
prmPositionCartesianGet
Timestamp (auto): 53.05473 (invalid)
  Desired position:translation: 
   0.0173977    0.0299851    -0.114397
rotation: 
    0.987709    -0.146997    0.0531344
   -0.155047    -0.964465     0.213934
   0.0197986    -0.219543    -0.975402
prmPositionCartesianGet
Timestamp (auto): 53.05678 (invalid)
  Desired position:translation: 
   0.0173976    0.0299859    -0.114397
rotation: 
    0.987649    -0.147406    0.0531167
   -0.155443    -0.964391     0.213979
   0.0196834    -0.219593    -0.975393
prmPositionCartesianGet
Timestamp (auto): 53.05883 (invalid)
  Desired position:translation: 
   0.0173973    0.0299860    -0.114397
rotation: 
    0.987589    -0.147820    0.0530869
   -0.155840    -0.964335     0.213945
   0.0195681    -0.219563    -0.975402
prmPositionCartesianGet
Timestamp (auto): 53.06088 (invalid)
  Desired position:translation: 
   0.0173971    0.0299872    -0.114397
rotation: 
    0.987498    -0.148433    0.0530603
   -0.156434    -0.964223     0.214013
   0.0193953    -0.219638    -0.975389
prmPositionCartesianGet
Timestamp (auto): 53.06295 (invalid)
  Desired position:translation: 
   0.0173980    0.0299876    -0.114396
rotation: 
    0.987467    -0.148636    0.0530589
   -0.156632    -0.964186     0.214036
   0.0193452    -0.219664    -0.975384
prmPositionCartesianGet
Timestamp (auto): 53.06497 (invalid)
  Desired position:translation: 
   0.0173978    0.0299885    -0.114396
rotation: 
    0.987407    -0.149045    0.0530412
   -0.157029    -0.964112     0.214081
   0.0192300    -0.219714    -0.975375
prmPositionCartesianGet
Timestamp (auto): 53.06703 (invalid)
  Desired position:translation: 
   0.0173978    0.0299884    -0.114396
rotation: 
    0.987346    -0.149455    0.0530238
   -0.157426    -0.964038     0.214119
   0.0191158    -0.219757    -0.975367
prmPositionCartesianGet
Timestamp (auto): 53.06908 (invalid)
  Desired position:translation: 
   0.0173966    0.0299884    -0.114396
rotation: 
    0.987285    -0.149870    0.0529864
   -0.157822    -0.963981     0.214085
   0.0189929    -0.219726    -0.975377
prmPositionCartesianGet
Timestamp (auto): 53.07117 (invalid)
  Desired position:translation: 
   0.0173966    0.0299888    -0.114396
rotation: 
    0.987254    -0.150075    0.0529775
   -0.158020    -0.963944     0.214108
   0.0189352    -0.219750    -0.975372
prmPositionCartesianGet
Timestamp (auto): 53.07322 (invalid)
  Desired position:translation: 
   0.0173964    0.0299897    -0.114396
rotation: 
    0.987193    -0.150483    0.0529599
   -0.158417    -0.963869     0.214153
   0.0188198    -0.219800    -0.975363
prmPositionCartesianGet
Timestamp (auto): 53.07569 (invalid)
  Desired position:translation: 
   0.0173964    0.0299897    -0.114396
rotation: 
    0.987193    -0.150483    0.0529599
   -0.158417    -0.963869     0.214153
   0.0188198    -0.219800    -0.975363
prmPositionCartesianGet
Timestamp (auto): 53.07774 (invalid)
  Desired position:translation: 
   0.0173956    0.0299897    -0.114396
rotation: 
    0.987193    -0.150485    0.0529523
   -0.158417    -0.963869     0.214153
   0.0188122    -0.219799    -0.975364
prmPositionCartesianGet
Timestamp (auto): 53.07979 (invalid)
  Desired position:translation: 
   0.0173953    0.0299901    -0.114396
rotation: 
    0.987101    -0.151103    0.0529135
   -0.159011    -0.963773     0.214142
   0.0186391    -0.219794    -0.975368
prmPositionCartesianGet
Timestamp (auto): 53.08185 (invalid)
  Desired position:translation: 
   0.0173951    0.0299897    -0.114396
rotation: 
    0.987070    -0.151311    0.0528923
   -0.159209    -0.963753     0.214086
   0.0185814    -0.219739    -0.975382
prmPositionCartesianGet
Timestamp (auto): 53.08390 (invalid)
  Desired position:translation: 
   0.0173950    0.0299902    -0.114396
rotation: 
    0.987039    -0.151516    0.0528835
   -0.159407    -0.963715     0.214109
   0.0185237    -0.219764    -0.975377
prmPositionCartesianGet
Timestamp (auto): 53.08596 (invalid)
  Desired position:translation: 
   0.0173950    0.0299902    -0.114396
rotation: 
    0.987039    -0.151516    0.0528835
   -0.159407    -0.963715     0.214109
   0.0185237    -0.219764    -0.975377
prmPositionCartesianGet
Timestamp (auto): 53.08802 (invalid)
  Desired position:translation: 
   0.0173949    0.0299906    -0.114396
rotation: 
    0.987008    -0.151720    0.0528746
   -0.159605    -0.963677     0.214132
   0.0184660    -0.219789    -0.975373
prmPositionCartesianGet
Timestamp (auto): 53.09008 (invalid)
  Desired position:translation: 
   0.0173949    0.0299910    -0.114396
rotation: 
    0.986977    -0.151925    0.0528658
   -0.159803    -0.963639     0.214154
   0.0184083    -0.219813    -0.975368
prmPositionCartesianGet
Timestamp (auto): 53.09214 (invalid)
  Desired position:translation: 
   0.0173948    0.0299918    -0.114396
rotation: 
    0.986915    -0.152333    0.0528481
   -0.160199    -0.963564     0.214199
   0.0182928    -0.219863    -0.975359
prmPositionCartesianGet
Timestamp (auto): 53.09419 (invalid)
  Desired position:translation: 
   0.0173947    0.0299931    -0.114395
rotation: 
    0.986884    -0.152536    0.0528390
   -0.160396    -0.963524     0.214230
   0.0182339    -0.219895    -0.975353
prmPositionCartesianGet
Timestamp (auto): 53.09625 (invalid)
  Desired position:translation: 
   0.0173946    0.0299935    -0.114395
rotation: 
    0.986853    -0.152741    0.0528302
   -0.160594    -0.963486     0.214252
   0.0181761    -0.219920    -0.975349
prmPositionCartesianGet
Timestamp (auto): 53.09830 (invalid)
  Desired position:translation: 
   0.0173945    0.0299944    -0.114395
rotation: 
    0.986791    -0.153150    0.0528126
   -0.160990    -0.963410     0.214298
   0.0180606    -0.219969    -0.975340
prmPositionCartesianGet
Timestamp (auto): 53.10036 (invalid)
  Desired position:translation: 
   0.0173944    0.0299948    -0.114395
rotation: 
    0.986760    -0.153354    0.0528038
   -0.161188    -0.963372     0.214320
   0.0180029    -0.219994    -0.975335
prmPositionCartesianGet
Timestamp (auto): 53.10241 (invalid)
  Desired position:translation: 
   0.0173942    0.0299944    -0.114395
rotation: 
    0.986728    -0.153563    0.0527825
   -0.161386    -0.963351     0.214264
   0.0179451    -0.219939    -0.975349
prmPositionCartesianGet
Timestamp (auto): 53.10446 (invalid)
  Desired position:translation: 
   0.0173942    0.0299948    -0.114395
rotation: 
    0.986697    -0.153767    0.0527737
   -0.161584    -0.963313     0.214287
   0.0178873    -0.219963    -0.975344
prmPositionCartesianGet
Timestamp (auto): 53.10652 (invalid)
  Desired position:translation: 
   0.0173941    0.0299952    -0.114395
rotation: 
    0.986665    -0.153971    0.0527649
   -0.161782    -0.963275     0.214309
   0.0178296    -0.219988    -0.975340
prmPositionCartesianGet
Timestamp (auto): 53.10858 (invalid)
  Desired position:translation: 
   0.0173949    0.0299957    -0.114395
rotation: 
    0.986634    -0.154174    0.0527636
   -0.161980    -0.963236     0.214332
   0.0177794    -0.220014    -0.975335
prmPositionCartesianGet
Timestamp (auto): 53.11063 (invalid)
  Desired position:translation: 
   0.0173949    0.0299957    -0.114395
rotation: 
    0.986634    -0.154174    0.0527636
   -0.161980    -0.963236     0.214332
   0.0177794    -0.220014    -0.975335
prmPositionCartesianGet
Timestamp (auto): 53.11270 (invalid)
  Desired position:translation: 
   0.0173958    0.0299961    -0.114394
rotation: 
    0.986602    -0.154376    0.0527623
   -0.162178    -0.963198     0.214355
   0.0177293    -0.220040    -0.975330
prmPositionCartesianGet
Timestamp (auto): 53.11475 (invalid)
  Desired position:translation: 
   0.0173958    0.0299961    -0.114394
rotation: 
    0.986602    -0.154376    0.0527623
   -0.162178    -0.963198     0.214355
   0.0177293    -0.220040    -0.975330
prmPositionCartesianGet
Timestamp (auto): 53.11680 (invalid)
  Desired position:translation: 
   0.0173957    0.0299965    -0.114394
rotation: 
    0.986571    -0.154581    0.0527535
   -0.162376    -0.963160     0.214377
   0.0176715    -0.220064    -0.975325
prmPositionCartesianGet
Timestamp (auto): 53.11886 (invalid)
  Desired position:translation: 
   0.0173956    0.0299969    -0.114394
rotation: 
    0.986539    -0.154785    0.0527448
   -0.162574    -0.963121     0.214400
   0.0176137    -0.220089    -0.975321
prmPositionCartesianGet
Timestamp (auto): 53.12092 (invalid)
  Desired position:translation: 
   0.0173955    0.0299961    -0.114394
rotation: 
    0.986539    -0.154789    0.0527321
   -0.162574    -0.963139     0.214321
   0.0176137    -0.220009    -0.975339
prmPositionCartesianGet
Timestamp (auto): 53.12297 (invalid)
  Desired position:translation: 
   0.0173954    0.0299965    -0.114394
rotation: 
    0.986508    -0.154994    0.0527233
   -0.162771    -0.963100     0.214344
   0.0175559    -0.220034    -0.975334
prmPositionCartesianGet
Timestamp (auto): 53.12498 (invalid)
  Desired position:translation: 
   0.0173946    0.0299965    -0.114394
rotation: 
    0.986508    -0.154995    0.0527158
   -0.162771    -0.963100     0.214344
   0.0175483    -0.220033    -0.975335
prmPositionCartesianGet
Timestamp (auto): 53.12704 (invalid)
  Desired position:translation: 
   0.0173946    0.0299965    -0.114394
rotation: 
    0.986508    -0.154995    0.0527158
   -0.162771    -0.963100     0.214344
   0.0175483    -0.220033    -0.975335
prmPositionCartesianGet
Timestamp (auto): 53.12939 (invalid)
  Desired position:translation: 
   0.0173945    0.0299969    -0.114394
rotation: 
    0.986476    -0.155200    0.0527070
   -0.162969    -0.963062     0.214367
   0.0174905    -0.220057    -0.975330
prmPositionCartesianGet
Timestamp (auto): 53.13141 (invalid)
  Desired position:translation: 
   0.0173952    0.0299966    -0.114394
rotation: 
    0.986444    -0.155406    0.0526930
   -0.163167    -0.963041     0.214311
   0.0174403    -0.220003    -0.975343
prmPositionCartesianGet
Timestamp (auto): 53.13346 (invalid)
  Desired position:translation: 
   0.0173952    0.0299966    -0.114394
rotation: 
    0.986444    -0.155406    0.0526930
   -0.163167    -0.963041     0.214311
   0.0174403    -0.220003    -0.975343
prmPositionCartesianGet
Timestamp (auto): 53.13552 (invalid)
  Desired position:translation: 
   0.0173960    0.0299970    -0.114394
rotation: 
    0.986412    -0.155609    0.0526918
   -0.163365    -0.963002     0.214333
   0.0173901    -0.220029    -0.975338
prmPositionCartesianGet
Timestamp (auto): 53.13759 (invalid)
  Desired position:translation: 
   0.0173960    0.0299970    -0.114394
rotation: 
    0.986412    -0.155609    0.0526918
   -0.163365    -0.963002     0.214333
   0.0173901    -0.220029    -0.975338
prmPositionCartesianGet
Timestamp (auto): 53.13966 (invalid)
  Desired position:translation: 
   0.0173950    0.0299962    -0.114394
rotation: 
    0.986413    -0.155615    0.0526715
   -0.163365    -0.963020     0.214255
   0.0173824    -0.219948    -0.975357
prmPositionCartesianGet
Timestamp (auto): 53.14171 (invalid)
  Desired position:translation: 
   0.0173949    0.0299966    -0.114394
rotation: 
    0.986381    -0.155819    0.0526627
   -0.163563    -0.962981     0.214277
   0.0173246    -0.219973    -0.975352
prmPositionCartesianGet
Timestamp (auto): 53.14376 (invalid)
  Desired position:translation: 
   0.0173949    0.0299966    -0.114394
rotation: 
    0.986381    -0.155819    0.0526627
   -0.163563    -0.962981     0.214277
   0.0173246    -0.219973    -0.975352
prmPositionCartesianGet
Timestamp (auto): 53.14595 (invalid)
  Desired position:translation: 
   0.0173949    0.0299966    -0.114394
rotation: 
    0.986381    -0.155819    0.0526627
   -0.163563    -0.962981     0.214277
   0.0173246    -0.219973    -0.975352
prmPositionCartesianGet
Timestamp (auto): 53.14800 (invalid)
  Desired position:translation: 
   0.0173949    0.0299966    -0.114394
rotation: 
    0.986381    -0.155819    0.0526627
   -0.163563    -0.962981     0.214277
   0.0173246    -0.219973    -0.975352
prmPositionCartesianGet
Timestamp (auto): 53.15006 (invalid)
  Desired position:translation: 
   0.0173941    0.0299966    -0.114394
rotation: 
    0.986381    -0.155821    0.0526552
   -0.163563    -0.962981     0.214277
   0.0173170    -0.219972    -0.975353
prmPositionCartesianGet
Timestamp (auto): 53.15211 (invalid)
  Desired position:translation: 
   0.0173941    0.0299966    -0.114394
rotation: 
    0.986381    -0.155821    0.0526552
   -0.163563    -0.962981     0.214277
   0.0173170    -0.219972    -0.975353
